---
maxVel: 50.84
maxAccel: 50.84
maxAngVel: 4.486194309326225
maxAngAccel: 4.486194309326225
robotLength: 17.75
robotWidth: 16.5
driveType: "MECANUM"
trackWidth: 15.0
lateralMultiplier: 1.0
