---
startPose:
  x: -60.0
  y: 50.0
  heading: 0.0
startTangent: 0.0
waypoints:
- position:
    x: 0.0
    y: 30.0
  heading: 0.017453292519943295
  tangent: 0.0
  interpolationType: "SPLINE"
- position:
    x: 10.0
    y: 50.0
  heading: 3.3161255787892263
  tangent: 0.0
  interpolationType: "SPLINE"
- position:
    x: -45.0
    y: 12.5
  heading: 3.3161255787892263
  tangent: 0.0
  interpolationType: "SPLINE"
- position:
    x: 15.0
    y: 48.0
  heading: 3.3161255787892263
  tangent: 0.0
  interpolationType: "SPLINE"
- position:
    x: 10.0
    y: 20.0
  heading: 0.0
  tangent: 0.0
  interpolationType: "SPLINE"
resolution: 0.25
version: 1
